4443231000
4607000000
8702780000
4429799000
3518123000
3246694000
4847000000
5304685000
3000000000
4042563000
13255550000
3532064000
12631400000
8066673000
3267959000
29737459000
8000000000
5954000000
4685082000
4600000000
2100000000
7155566000
4921202000
7271243000
3950000000
6307000000
4735280000
12174416000
5621869000
25344282000
7301738000
3185644000
9703081000
3383760000
3591408000
4550416000
3228455000
4153466000
2878870000
3427097000
2518590000
4424513000
8547834000
5821338000
3228000000
6011031000
3037075000
